SetDesc: 'dsspipLO'
SetIndex: 12300
Authors: 
Reference: 
Format: lhagrid1
DataVersion:  2
NumMembers:  1
Particle: 2212
Flavors: [-5, -4, -3, -2, -1, 1, 2, 3, 4, 5, 21]
OrderQCD: 0
ForcePositive: 1
FlavorScheme: variable
NumFlavors:   5
ErrorType: hessian
ErrorConfLevel: 90.0
XMin:     1.00000E-02
XMax:     1.00000E+00
QMin:     1.00000E+00
QMax:     3.16228E+02
MZ:    91.1876
MUp: 0.0
MDown: 0.0
MStrange: 0.0
MCharm: 1.3
MBottom: 4.5
MTop: 180.0
AlphaS_MZ: 0.136668
AlphaS_OrderQCD:  0
AlphaS_Type: ipol
AlphaS_Qs: [1.300000E+00, 1.501590E+00, 1.755160E+00, 2.078100E+00, 2.494950E+00, 3.040860E+00, 3.767150E+00, 4.500000E+00, 4.750000E+00, 6.231130E+00, 8.374230E+00, 1.155490E+01, 1.640760E+01, 2.403800E+01, 3.643610E+01, 5.731450E+01, 9.387070E+01, 1.606540E+02, 2.884380E+02, 5.455870E+02, 1.092310E+03, 2.326460E+03, 5.300430E+03, 1.299560E+04, 3.451400E+04, 1.000000E+05]
AlphaS_Vals: [5.003097E-01, 4.566292E-01, 4.172039E-01, 3.815466E-01, 3.492379E-01, 3.199167E-01, 2.932657E-01, 2.743005E-01, 2.694249E-01, 2.473543E-01, 2.270934E-01, 2.084934E-01, 1.914185E-01, 1.757428E-01, 1.613517E-01, 1.481398E-01, 1.360104E-01, 1.248747E-01, 1.146511E-01, 1.052649E-01, 9.664749E-02, 8.873581E-02, 8.147197E-02, 7.480297E-02, 6.868001E-02, 6.305838E-02]
AlphaS_Lambda4: 0.500
AlphaS_Lambda5: 0.274

